i: 1
nonce: 901353
gas_price: 20000000000
gas_limit: 90000
to: [70, 227, 158, 141, 244, 205, 79, 227, 98, 39, 45, 165, 17, 223, 43, 19, 6, 132, 94, 58]
value: 132178820000000000
input: []
v: 27
r: [176, 47, 49, 9, 194, 64, 73, 123, 74, 59, 227, 255, 215, 226, 147, 130, 208, 179, 47, 70, 136, 144, 157, 231, 71, 156, 223, 219, 23, 148, 39, 209]
s: [106, 7, 218, 104, 57, 149, 93, 123, 170, 196, 9, 232, 104, 101, 253, 191, 83, 52, 207, 25, 196, 255, 101, 47, 177, 176, 141, 158, 75, 71, 199, 24]
rlp_encoded_tx: "f870830dc0e98504a817c80083015f909446e39e8df4cd4fe362272da511df2b1306845e3a8801d597efbcee2800801ba0b02f3109c240497b4a3be3ffd7e29382d0b32f4688909de7479cdfdb179427d1a06a07da6839955d7baac409e86865fdbf5334cf19c4ff652fb1b08d9e4b47c718"
key: "0001"
i: 0
nonce: 240012
gas_price: 20000000000
gas_limit: 30000
to: [38, 74, 183, 69, 139, 211, 86, 137, 206, 103, 177, 47, 166, 214, 111, 230, 141, 210, 109, 176]
value: 1079834785236084500
input: []
v: 28
r: [97, 14, 146, 59, 83, 134, 149, 50, 61, 199, 230, 23, 84, 228, 34, 62, 214, 255, 170, 164, 189, 159, 104, 191, 206, 67, 200, 121, 250, 209, 98, 161]
s: [94, 234, 232, 71, 93, 170, 103, 166, 195, 154, 27, 34, 145, 243, 190, 98, 231, 194, 222, 18, 83, 242, 114, 247, 84, 51, 147, 238, 10, 121, 124, 108]
rlp_encoded_tx: "f86f8303a98c8504a817c80082753094264ab7458bd35689ce67b12fa6d66fe68dd26db0880efc5804161b6714801ca0610e923b538695323dc7e61754e4223ed6ffaaa4bd9f68bfce43c879fad162a1a05eeae8475daa67a6c39a1b2291f3be62e7c2de1253f272f7543393ee0a797c6c"
key: "0800"
Calculated MPT Root: 0xb668724cef0271ac529f9f263a98d64664385279eae60d3b10f171abc11fdedd
Block's transactionsRoot: 0xb668724cef0271ac529f9f263a98d64664385279eae60d3b10f171abc11fdedd
Tx root generated and matched successfully: true
Block hash verification result: true
